422	154	2438
12013	33	90
44	118	774
6850	24	1652
5308	124	10758
8254	110	494
10469	186	718
10778	80	911
5900	34	90
9937	39	10015
997	136	13843
2609	191	8799
7923	43	141
1411	167	1768
5733	86	7023
5090	85	1665
9453	48	382
14460	83	9760
2388	154	2438
12553	25	62
11341	48	32
9557	155	5161
12891	133	853
6785	166	90
6929	43	141
4511	124	4722
5649	48	32
2937	48	32
7316	25	62
10258	39	540
7879	48	32
1334	24	2309
12051	85	434
8590	24	6319
2715	217	3433
11146	115	747
13452	212	4563
2236	48	1124
2563	24	12317
3178	48	853
1888	136	3696
6164	100	10040
957	48	32
5354	34	90
6046	60	90
2419	224	6130
3587	100	160
5796	110	494
8381	85	434
6690	85	434
4879	48	4474
1036	116	4639
10190	43	384
11160	25	62
4823	223	4624
4831	100	160
35	136	2235
6614	217	10141
8317	43	141
1833	115	6114
4863	183	4725
8557	25	62
7938	120	791
8847	25	62
10495	116	6627
10523	184	3902
11700	85	434
3259	116	6960
2995	24	6403
8929	85	434
650	48	32
7436	217	3433
6901	85	1665
5969	48	32
5979	86	1938
3485	62	420
2779	85	1665
3030	159	13188
11090	48	32
4575	25	62
6913	48	382
3224	203	6322
6336	116	6385
10596	85	434
10522	24	8187
6261	24	2635
167	124	2956
13361	43	384
2215	48	32
257	25	62
7200	74	9082
4656	48	32
9215	136	12507
11113	43	141
13699	181	800
11936	172	7192
3446	25	62
8327	11	23
2783	210	3202
3553	25	62
10920	51	160
2968	203	4358
9530	48	32
8191	43	141
10546	34	90
1459	138	1086
1212	24	6489
14390	154	2620
3959	182	2517
942	100	160
9171	191	9801
1225	24	1327
11717	232	160
4561	24	9055
2422	48	32
9184	48	1928
4377	43	141
7912	84	10147
1925	43	141
3365	51	160
13434	195	2550
4128	48	32
13072	236	478
3676	48	32
2137	25	62
14244	43	141
14424	154	2438
10476	124	2846
8060	60	90
7973	39	4621
718	43	141
9365	24	11980
2477	43	141
8170	154	1437
3892	116	25
6719	11	23
4069	105	1305
10835	48	181
10268	185	32
7719	193	1934
2672	100	160
5532	25	62
1716	25	62
4828	39	10813
8353	85	434
3543	120	791
3031	48	1124
3031	24	249
7180	33	90
2209	25	62
2505	34	90
1386	182	2192
4940	109	11489
10328	25	62
2488	85	434
6412	48	32
527	60	90
203	48	32
4111	34	90
4388	100	160
8864	86	482
3476	85	434
11750	25	62
1312	136	3795
8365	115	6114
865	136	34
1216	43	141
11991	110	494
10354	113	737
10015	133	32
8822	85	434
5780	172	1978
1075	34	90
1075	11	490
11185	172	5721
2394	62	420
7415	25	62
2506	43	141
9329	172	2759
7813	162	9561
13008	143	9277
3509	160	8490
412	48	32
8453	85	1665
1903	138	7945
13897	62	787
9190	48	32
7242	85	434
6485	43	141
7841	24	10957
7979	154	1437
4369	85	434
6941	43	141
7365	115	747
1201	155	350
3262	43	141
6720	24	2607
2262	82	1771
3806	221	160
10042	43	384
3961	25	62
11368	48	1124
894	200	10858
5954	85	434
1195	86	690
2145	48	1124
4771	48	382
4303	39	150
2835	86	3655
816	154	2620
5972	48	1928
11917	48	1928
13909	43	141
3120	154	2438
5810	224	1327
6325	34	90
3868	24	10327
1569	85	434
1276	118	774
5361	43	141
12608	39	1458
4410	43	141
4570	11	23
7714	100	11058
2127	60	90
9550	25	62
1741	83	592
7228	166	5422
2569	48	32
13205	24	1183
8122	43	141
5261	191	10864
8703	34	924
12455	154	2438
1886	60	90
9583	25	62
3350	25	62
11039	48	382
6749	11	23
9364	11	23
5603	85	434
8556	91	494
4835	186	5695
2482	172	2759
269	115	10107
4047	85	1665
8318	43	384
4744	155	10156
1221	48	1124
3876	48	32
11472	85	434
8994	120	791
8245	48	32
6811	85	434
1174	60	90
643	11	23
4010	85	434
773	219	90
2189	43	384
6280	48	32
1751	120	791
11959	83	2780
2327	24	4464
4549	199	6615
8878	43	141
5664	85	434
3974	43	141
2793	82	6851
6774	118	774
1405	221	5397
8667	154	5054
8791	195	2550
7140	120	791
7140	154	2438
3892	115	747
11084	127	4331
9958	124	4722
11586	39	10705
12912	85	434
7287	120	791
769	82	44
10121	11	10567
7397	105	11813
8023	120	791
8508	217	3433
7793	116	11179
500	183	7147
5479	217	4081
4931	24	592
9675	48	32
12333	43	384
1434	43	384
7976	43	141
557	60	90
2264	183	6969
11028	24	13409
9659	191	6279
1638	43	141
6498	84	4391
2711	136	8222
11334	24	6088
6652	74	524
3665	85	434
6102	43	141
12036	120	791
9214	85	434
2981	172	8634
11928	25	62
7148	136	1511
1239	43	141
5464	221	7378
11563	154	1437
6932	48	1744
170	172	8634
10905	143	3373
3697	24	1327
12701	25	62
5335	115	747
12163	25	62
4695	115	747
6485	85	434
5623	48	274
5792	24	352
6766	48	32
2552	48	32
6289	154	2438
6176	25	62
7365	34	90
5145	34	90
10341	85	434
3041	48	32
12283	85	434
9283	11	23
575	11	23
13638	33	90
7046	83	1457
2513	34	90
9848	84	1099
821	154	2438
4766	11	23
13174	43	384
9016	100	585
4699	203	8708
10571	48	1124
9860	80	329
4086	82	6851
2494	85	434
7213	86	4316
14213	85	434
3868	85	434
2302	200	2883
979	39	43
1315	84	7695
3174	11	23
10966	143	226
5373	48	32
9242	86	3655
251	48	32
8586	11	1794
11089	74	1769
1548	43	141
11442	100	12734
5837	24	4464
7548	24	592
2669	43	384
2686	138	10388
13337	154	2438
4380	85	1665
11421	25	62
9040	138	1826
5192	155	10988
5260	34	90
2362	82	44
7612	43	384
9995	232	160
11584	16	32
3937	34	90
1988	116	6385
10775	120	791
700	85	434
11428	124	4722
6960	48	32
7838	172	2759
6242	11	10567
4210	85	434
12398	100	1672
3955	118	774
6892	85	434
1806	154	2438
12288	43	141
11947	43	384
4995	85	1665
2744	86	7023
7691	138	9717
4693	24	14118
11210	83	592
9326	24	4068
3550	80	344
1635	25	62
12830	48	32
10386	185	32
5295	39	7132
2945	25	62
12913	154	2620
3631	43	141
3229	83	9760
10517	25	62
4187	116	9664
10268	51	160
13818	85	434
2102	172	1978
2133	25	62
2854	82	7020
4093	82	1771
1680	24	954
1599	11	23
2212	136	3480
2212	155	808
3455	80	344
6250	25	62
8607	43	384
407	25	62
7591	25	62
5522	48	382
9177	118	774
13557	154	2620
6379	85	434
8118	25	62
605	85	434
6507	124	11653
5759	43	141
5804	25	62
6624	124	2956
2350	60	90
11881	25	62
7849	136	3795
9942	48	1124
4813	83	14222
1239	48	32
13462	25	62
6618	154	1437
3938	85	434
2921	48	32
8845	85	434
11446	85	434
7251	82	363
6938	199	10633
10128	85	434
12454	124	2846
4427	34	90
4427	136	3795
5020	115	747
794	154	1437
6446	25	62
10228	48	32
6342	11	23
2699	116	5673
9295	48	32
5605	43	141
1013	43	141
10976	43	141
8897	39	13931
2668	48	32
2039	118	774
6232	84	5506
11578	85	434
1468	48	6123
11458	43	141
539	85	434
920	25	62
7479	39	7089
2330	43	141
1340	62	420
3991	143	1044
1509	43	141
4137	11	23
8007	43	141
7515	43	384
4567	85	434
1685	25	62
451	85	434
7822	85	434
11790	82	1771
9815	43	141
9815	85	434
1593	48	32
14507	118	774
9872	39	120
7878	48	32
4140	187	2349
13142	33	90
8437	162	9807
13525	25	62
2037	48	32
11199	51	160
10684	33	90
5477	25	62
10979	48	382
11566	80	344
5474	48	274
14508	25	62
336	25	62
7862	25	62
5165	224	4152
1106	48	1124
7279	39	705
5979	11	23
14509	25	62
8318	85	434
1020	217	3433
4266	34	90
12195	24	5866
12407	25	62
9980	43	141
1440	43	384
2737	154	1874
4075	124	2846
12445	124	2846
11347	43	141
9427	48	32
11923	118	774
3557	124	873
1828	25	62
9939	48	1928
10116	120	791
3754	24	9109
5075	82	9081
12062	100	160
7631	124	2846
9997	80	4791
13753	113	737
2541	25	62
12246	24	14079
3471	48	32
1382	24	9568
4342	187	2349
10271	39	1327
583	80	911
4902	154	2706
12835	162	6604
5087	118	774
10172	136	8222
4827	85	434
5493	43	141
4773	116	3541
5861	34	90
11323	82	6851
11318	43	384
12528	48	32
3874	85	434
4993	82	795
4120	85	1665
2519	167	1768
2502	191	10864
4498	43	141
5332	24	2033
6835	43	384
12076	85	434
12333	48	1928
12347	85	434
5819	116	431
6089	111	11684
10681	48	32
4417	85	434
5482	39	540
10735	48	382
4388	85	434
3935	25	62
9382	25	62
4682	154	1437
155	25	62
3476	160	1327
3723	11	23
5936	172	2759
592	154	2438
13213	24	7132
6084	84	3309
1774	136	168
5194	43	141
7623	185	32
5596	85	434
3237	85	434
9743	60	90
7423	48	637
13415	118	774
694	43	141
13761	200	2883
7296	25	62
1964	60	90
9509	25	62
6545	48	32
4651	25	62
9317	11	23
10362	159	6871
5016	48	32
9116	43	384
7556	43	141
7936	116	8889
4928	43	384
4018	43	384
13786	108	90
10829	25	62
785	191	3567
2789	11	23
7003	115	6114
3161	124	2846
3400	60	90
1944	85	434
1165	154	2620
5072	25	62
12565	43	141
4335	25	62
3278	43	141
10235	118	774
3529	172	5721
12797	83	1445
9842	60	90
9086	85	434
10050	124	873
11860	111	7683
72	82	7142
9890	48	1928
5115	115	747
13236	24	11927
1008	120	791
3541	43	141
3824	109	3269
12485	43	141
668	43	384
6732	116	5221
4448	11	23
11754	224	6079
11754	85	434
11609	83	6079
2696	25	62
3687	82	8332
12300	154	2438
13205	202	10978
6971	48	9047
3626	202	7216
14056	120	791
666	34	90
11249	80	344
2459	48	32
3595	43	141
11022	39	540
1035	25	62
2651	25	62
8182	167	1768
1785	186	11031
3320	48	382
12195	43	384
11468	39	105
3896	48	158
3027	115	10107
9709	85	434
7453	82	1771
12483	116	6691
11882	25	62
14322	154	10452
7009	100	160
812	60	90
1190	24	4358
1552	62	420
12150	154	2438
4118	48	32
2437	25	62
6515	48	32
8609	11	23
14243	83	13246
12216	120	791
1567	167	1768
4526	48	32
1570	43	141
7194	159	10806
10878	24	9946
9184	85	434
9156	24	954
12015	85	434
2547	34	90
12427	48	32
9201	48	32
2328	85	434
2710	203	4152
7454	118	774
8892	24	8470
9136	25	62
5002	116	1995
5002	184	8438
2478	105	5338
12801	48	32
718	85	434
3368	43	141
5697	43	141
545	25	62
511	183	6838
13259	80	344
2323	91	494
10067	25	62
10072	124	4722
3138	109	3743
12558	48	32
7118	48	32
10805	24	9581
5857	116	3873
10045	236	4224
1705	195	2550
1699	34	90
4752	115	747
5516	11	23
9483	48	32
10955	25	62
11994	166	90
6247	25	62
2514	34	90
6682	43	141
9210	154	5054
9497	48	1124
7514	25	62
2339	48	382
13462	154	2438
7498	82	8686
6042	48	32
1461	235	2385
3441	100	160
11744	154	2438
5252	154	1437
11499	43	384
7030	209	3173
12410	11	23
4695	34	90
1361	62	420
4219	80	4791
13938	182	13938
10971	181	1002
6875	48	181
6340	34	90
1201	34	90
6968	116	6385
3787	43	141
11838	24	3160
2055	25	62
5601	115	6114
3683	172	1978
870	48	382
870	85	434
3711	120	791
4660	91	494
12510	120	791
12589	43	141
10797	172	8634
9711	11	23
5519	48	119
9637	82	13692
14357	25	62
6914	34	90
11715	109	4209
8623	43	384
9314	100	160
9235	172	7192
12520	25	62
291	136	2974
1707	172	2759
4717	154	2438
535	48	32
5213	217	3433
2928	43	141
12629	25	62
12485	48	853
14027	25	62
6256	82	6851
4382	116	5235
3032	232	160
13355	43	141
12392	43	384
9519	186	3949
8244	124	5655
9125	48	382
538	224	3885
10186	85	434
621	39	150
4326	48	1124
3277	34	90
8969	25	62
4252	82	1771
7448	43	141
3894	183	10421
5211	39	10717
5277	43	141
3030	85	434
13373	25	62
5164	25	62
11418	25	62
3093	136	3795
2276	43	141
8918	34	90
2524	100	160
5227	43	141
7200	116	8783
2121	195	2550
6792	86	1630
10335	185	32
6668	83	11647
4679	48	1124
616	43	141
9188	129	90
6159	62	420
4550	43	384
256	85	434
3113	24	12178
3652	159	12796
409	85	434
9202	82	7142
9493	39	592
1512	25	62
837	34	90
10326	39	6680
12686	43	141
6865	86	7059
4342	85	434
9195	199	3119
12266	224	4068
2137	85	434
8892	43	141
1539	34	90
11144	83	2879
143	83	2879
13053	48	158
1942	109	3423
9744	25	62
2579	25	62
10208	85	1665
755	60	90
9435	100	5334
7669	172	1978
12028	82	8686
6984	25	62
7286	51	160
4777	43	384
5570	25	62
13474	154	2620
5809	85	434
4292	48	1124
10525	143	1551
4034	85	434
2571	24	592
6468	43	141
1644	25	62
2652	25	62
9659	203	6279
6558	48	1124
3585	84	7044
6347	85	434
2378	34	90
12232	33	90
10316	193	202
10354	172	7192
12363	120	791
13662	202	3428
742	25	62
2594	48	119
13561	25	62
12884	85	1665
8398	86	3080
10489	120	791
12012	120	791
10891	116	5446
5968	11	23
10370	48	32
425	60	90
13323	181	7010
491	43	141
8548	85	434
8873	25	62
7597	84	4391
13418	48	382
14511	25	62
1343	113	2982
6278	34	90
5682	24	1044
1375	160	3514
2872	48	32
14512	118	774
12999	185	382
24	86	7059
6929	48	1124
2937	85	434
6366	25	62
8364	24	13305
12051	48	32
5802	25	62
12807	80	344
3495	34	90
9465	48	158
449	118	774
3742	25	62
14513	25	62
4477	43	141
8620	80	4791
6045	210	3202
11761	113	5770
8806	48	1124
5912	100	1672
7066	24	934
12400	48	32
11702	100	29
1182	25	62
11641	85	434
1707	86	10402
5660	11	23
9910	147	382
11801	232	160
35	116	9127
1684	24	592
3435	118	774
1536	85	1665
1164	195	2550
13122	154	2438
11277	80	344
13636	25	62
9854	48	181
7409	120	791
10502	43	141
10163	11	23
1521	136	689
7703	85	434
1706	48	1080
14062	25	62
1298	193	181
3582	109	11645
8627	48	32
9686	143	2792
4380	48	274
1131	221	160
5359	25	62
5400	25	62
9010	25	62
5236	109	50
9246	43	384
1568	100	160
11418	105	8805
7417	33	90
7648	43	141
14272	118	774
7617	25	62
1395	82	1771
1359	100	160
9866	48	32
1917	159	928
4805	143	226
3402	24	9694
5667	48	32
10331	84	1114
11924	80	344
7390	224	4712
6694	195	2550
8339	118	774
256	100	2272
431	43	141
4129	11	23
2189	224	8373
2555	193	637
12826	124	2956
5617	25	62
3227	166	90
9009	154	2438
5765	48	32
678	155	3423
11997	48	32
2480	116	12526
5263	48	32
4914	221	29
5087	195	2550
4956	172	2759
14228	33	90
4346	136	85
11318	48	1124
12437	86	7023
6223	167	1768
7718	100	7817
8710	236	32
7848	48	1934
1966	11	23
1722	43	141
9899	43	384
8755	100	160
5703	100	160
254	85	434
4786	48	32
639	155	11130
4978	25	62
10264	24	13810
12912	43	384
1128	48	32
7455	11	23
8854	25	62
9297	85	434
8093	48	32
61	48	32
1680	232	160
13873	85	434
175	185	32
115	24	1327
12293	43	141
12293	85	434
10416	143	3554
557	48	32
8607	100	160
905	147	382
5805	136	3795
10516	25	62
9696	34	90
9177	62	420
2766	11	23
2332	25	62
3738	43	141
13805	43	141
8650	143	95
10090	83	13245
1678	100	160
12139	200	10858
6691	48	32
7260	85	434
9576	116	3755
4245	116	10751
8968	25	62
2549	24	8761
1348	85	434
10963	154	2438
12882	25	62
5353	85	434
2618	24	5496
4179	25	62
2503	154	2438
10007	43	141
10309	187	2349
10096	154	2438
2855	60	90
1607	116	527
4719	186	11031
1612	43	384
4352	136	6814
1927	212	4563
7611	25	62
2035	25	62
2145	43	141
3619	85	434
3472	48	32
1643	155	3423
4041	82	2456
4852	154	1437
6787	25	62
3215	48	1124
10618	43	141
3017	48	382
5327	48	1080
7213	115	10107
5140	25	62
8015	43	141
8397	80	344
4444	100	160
10462	25	62
5572	187	2349
8011	86	5694
2533	85	434
4430	116	9016
7639	217	4081
8818	85	434
13024	82	1424
11745	16	32
4339	100	160
8544	25	62
4525	124	10811
9807	51	160
13205	39	7605
4400	11	23
5785	82	1771
4160	34	90
6952	48	32
4033	34	90
10053	43	141
8814	100	2272
7312	48	1928
1305	24	3955
6802	100	1672
9291	110	494
281	85	434
10956	43	141
4894	48	32
4142	74	2643
6475	43	141
1817	48	6281
9246	60	90
1204	154	2438
12395	120	791
11049	116	6627
2704	124	2846
503	203	12523
9220	11	23
9555	43	141
11143	124	2846
13994	25	62
2081	43	141
6922	124	3103
8976	212	4563
13176	43	141
12511	133	32
12820	24	43
852	84	6402
13308	43	141
68	62	420
8795	51	160
7600	11	23
4118	43	141
2475	136	3480
9376	25	62
3557	217	4081
9341	160	2792
2474	25	62
6672	120	791
7977	105	3924
2501	127	3796
11032	154	2706
7446	34	90
326	224	3885
9948	48	32
14515	118	774
1486	86	1702
8151	85	434
12090	83	5686
9201	43	141
1800	118	774
71	25	62
5783	43	384
6663	85	434
2159	85	434
3267	100	160
3026	25	62
1353	48	449
2311	43	141
4524	172	7192
10103	83	592
12028	24	7132
5821	34	90
11182	82	1424
227	24	592
8503	82	1771
1843	115	6114
5026	85	434
8930	48	32
10525	172	8634
3283	43	141
2074	48	32
9675	224	158
3792	24	6038
8567	48	32
6022	24	43
6022	43	141
13959	25	62
12189	25	62
8898	138	3916
8258	43	141
7040	34	90
1678	48	816
3579	34	90
7720	155	9456
8251	39	11317
1950	11	23
7360	154	1437
7069	39	2225
9873	100	1672
8005	43	141
10635	136	13843
5	136	5373
7388	25	62
4143	124	873
12782	127	1806
5335	86	7246
5766	138	1086
12885	154	2438
5389	185	32
7708	109	1482
7708	11	23
8572	25	62
9731	43	141
4452	51	160
12935	154	2620
1579	82	1771
8612	85	434
4009	193	181
6348	86	2316
8276	34	90
13578	154	1437
8915	160	637
109	11	23
2316	83	8321
424	143	1806
10767	25	62
1674	124	2846
1842	124	873
4161	25	62
10244	48	32
6056	116	4161
7630	11	23
4029	217	4081
6934	115	747
7207	48	32
8460	48	181
5771	25	62
3168	105	6049
3033	43	141
2333	183	10259
9235	113	737
12636	33	90
9774	25	62
6494	43	141
4122	48	32
13588	120	791
5660	136	6402
7877	136	6410
7566	105	5338
13498	25	62
10988	48	382
12300	25	62
11547	43	141
9315	82	1771
436	48	32
8740	48	32
9375	109	10098
4671	82	6851
3594	105	6049
3644	105	4258
11728	83	954
6133	11	23
4676	39	1327
2704	124	1311
4853	85	434
5459	167	1768
8377	25	62
10171	85	434
2374	24	13413
10950	85	1665
817	224	10213
4975	25	62
11548	25	62
692	48	32
9670	85	434
187	43	384
1984	136	4674
4279	25	62
7431	109	10897
12717	43	384
10176	11	23
4458	48	119
6242	34	90
4472	48	32
9518	155	9186
643	84	5254
3754	43	141
12288	85	434
5557	100	160
12813	85	434
10071	48	622
5797	48	32
9907	80	344
8125	80	344
9720	85	434
3688	86	2839
9227	39	10213
4467	236	8406
372	25	62
2366	85	1665
7520	34	90
6096	48	2121
13341	43	384
10314	191	9650
8710	118	774
4829	39	105
13021	33	90
13645	48	32
8272	25	62
8836	25	62
11899	127	4331
11590	110	494
12026	48	181
9954	43	141
1347	25	62
8707	43	384
8985	60	90
2529	25	62
5247	11	23
7591	82	1771
7231	25	62
2452	160	226
8090	43	384
6634	24	1652
7304	34	90
12073	124	2846
5772	34	90
10860	154	5054
12761	25	62
5673	48	32
9148	74	1769
14057	48	32
2757	224	1502
13565	185	158
8334	11	23
6353	25	62
7349	11	23
6638	11	23
3450	191	13527
5839	85	434
2211	82	1771
1932	83	701
1362	24	12101
2342	25	62
8900	83	4764
2140	34	90
7242	43	141
5984	85	434
5605	48	1022
1701	118	774
12312	100	1672
1912	85	434
11458	48	32
539	48	32
11270	139	90
3420	62	420
12112	34	90
3012	48	32
3967	100	160
9199	39	6904
2236	82	1771
2239	221	5086
11381	48	32
1152	110	494
8393	85	434
3852	115	747
1423	39	1327
8919	217	3433
10571	24	1553
11209	82	4372
5336	43	141
9541	172	1978
1920	25	62
11715	191	3567
111	116	9302
13066	113	737
4268	224	3885
10424	48	1928
1908	48	382
951	43	384
2963	83	13246
11939	154	1437
6472	84	5697
11935	43	384
12392	82	8686
4929	34	90
4503	184	8563
538	24	592
13804	199	10697
12681	34	90
13144	33	90
13783	212	194
11741	39	7132
4535	80	12630
8858	85	434
4671	85	434
11615	80	344
4074	124	1311
6358	124	2846
2962	34	90
7987	48	1124
2187	200	10858
504	138	1483
504	43	141
13429	25	62
5613	43	384
14518	210	14519
1048	60	90
12416	124	873
14468	182	14468
10388	25	62
4279	48	32
11428	128	90
3483	85	434
8016	25	62
2370	118	774
3478	34	10391
19	235	10528
3056	48	32
4571	25	62
8475	85	434
2555	34	90
9796	85	434
10440	43	141
2267	25	62
9470	11	23
3981	43	384
13072	43	141
4998	84	4362
12439	100	1946
12920	154	2438
7662	85	434
143	143	1551
1976	85	434
2285	43	384
9019	154	2706
6013	100	160
7934	43	141
4305	85	434
12365	34	90
2548	43	141
12723	133	32
6309	25	62
5364	124	873
12736	120	791
10938	25	62
2491	25	62
11602	100	160
1680	224	637
1524	43	141
14522	118	774
12251	24	1652
5715	116	10822
5247	136	5910
13496	43	141
8116	147	382
4272	86	796
10419	154	2706
5021	116	3155
4807	85	434
4619	25	62
742	199	1327
7849	11	23
3013	33	90
4683	217	4081
5233	43	141
2435	85	434
9329	34	90
3800	100	160
5195	48	32
1344	110	494
5839	48	32
2681	48	32
12956	24	3543
219	86	3080
1460	154	2706
5249	143	1044
13860	24	3760
6606	84	7044
6516	82	4372
4860	48	32
13475	232	160
5865	25	62
2872	60	90
7365	25	62
732	48	1124
4740	115	747
2559	39	1327
1937	136	881
1439	86	591
10115	232	160
3987	25	62
10380	25	62
704	159	588
12890	25	62
5220	25	62
2742	25	62
7630	147	382
4209	48	32
957	43	141
14266	154	1437
10247	143	3408
6268	24	10117
796	143	1044
12899	154	2438
235	154	10452
1789	33	90
1789	154	2438
6109	34	90
535	25	62
2127	48	32
860	48	32
3673	74	5390
3673	84	11243
6933	25	62
7461	34	90
5297	84	689
3288	48	32
350	82	1771
8084	160	592
5313	43	384
13205	48	32
9797	25	62
8770	62	420
8302	43	384
5603	60	90
8063	24	352
11128	85	434
13803	154	1874
4495	85	434
10088	82	1771
12081	48	382
9127	24	592
3172	82	13863
6597	48	32
6891	136	6402
3146	85	434
6360	200	10858
2276	82	6851
6512	48	32
13627	154	1437
6527	39	1327
14007	25	62
7200	84	168
872	83	11447
1294	25	62
4075	83	10435
12648	154	2438
9730	48	32
9446	159	4423
11666	43	141
8796	25	62
6951	172	2759
12175	182	2192
13808	133	32
2202	210	2192
1959	203	12523
9087	33	90
9128	124	4453
3980	43	141
326	85	434
6502	203	6322
4178	210	3202
1634	184	2834
3403	83	592
10803	127	226
3155	25	62
1911	74	5890
1868	210	3202
7059	143	1044
3323	43	141
9805	154	11576
1045	86	8760
1045	34	90
8619	224	6679
7313	25	62
5562	25	62
4829	25	62
11967	25	62
12151	185	32
4020	186	11031
6433	85	434
2206	85	434
705	25	62
12949	39	4921
3269	85	434
6466	34	90
12543	43	141
4060	25	62
12191	24	5103
593	172	1978
4093	85	434
11228	25	62
848	224	592
388	24	336
11097	202	7763
9878	43	384
5199	25	62
6854	118	774
13357	43	141
10708	154	2438
1339	86	7023
1527	154	2438
3279	11	23
8653	143	1088
4399	191	2448
7335	43	384
1414	160	226
4148	110	494
8307	195	2550
2755	84	12611
5653	11	1794
11678	48	32
1420	43	141
3817	85	1665
4958	115	6114
7732	85	1665
11403	116	4161
3162	25	62
5556	43	141
13669	83	11647
1951	200	2883
3326	43	141
8702	48	382
12642	80	4791
9257	33	90
762	48	32
9906	43	141
9523	191	9801
2858	185	32
12870	100	1672
9918	48	1928
8571	154	1437
2955	16	32
6633	85	434
4352	109	3463
10519	138	6706
9287	82	1771
7519	48	202
13253	43	141
14523	25	62
13012	120	791
13067	154	2438
1274	82	1771
4282	74	9980
10348	24	3878
12340	25	62
1717	85	434
3383	85	434
9016	48	1080
8960	85	434
9765	116	3873
2836	48	32
10500	43	384
486	203	6322
12974	182	12974
2494	43	141
10915	43	384
5494	43	141
7910	25	62
8748	51	160
6900	43	141
1560	232	160
3044	116	3261
11447	120	791
8201	48	32
12016	120	791
722	48	32
6483	124	2956
1811	43	141
8456	116	4978
9597	167	1768
11906	100	160
7864	159	1630
4525	124	10758
2243	82	7859
3660	109	2213
3037	203	6322
11051	82	1771
9839	48	32
3085	100	5397
14176	43	384
618	34	90
5181	48	32
12817	172	7192
1854	43	384
7417	154	2706
8405	91	494
6211	147	382
6211	11	23
10338	143	226
10926	34	90
7993	25	62
14143	62	10482
1963	43	141
11933	48	382
214	82	1771
11882	185	1928
1209	85	434
8972	100	12734
4505	39	10717
2589	219	90
8693	110	494
5651	11	23
10292	43	141
3446	48	32
10602	154	5054
549	48	32
11815	24	1928
11589	118	774
8427	43	141
4125	34	90
1959	11	23
6734	48	32
12262	120	791
3999	85	434
4848	100	14172
149	85	434
3515	113	5770
2241	11	23
7233	24	836
9885	48	32
6420	25	62
12095	24	6707
11020	83	249
8279	138	6596
6997	25	62
11342	48	32
5403	43	141
4066	24	1652
13302	25	62
3918	85	434
11144	113	737
10640	43	141
10815	48	1124
11628	236	6093
8725	221	29
9300	33	90
10902	25	62
292	84	1511
5890	43	141
3312	43	141
6644	11	23
1453	85	434
9632	86	591
958	74	8870
958	183	4742
2212	86	6135
1444	48	1080
2574	34	90
4130	43	141
9827	85	434
5032	11	23
7379	33	90
1532	25	62
10149	124	2846
3384	85	434
8898	100	160
4388	224	592
1667	51	160
9706	108	5422
14148	48	1928
5098	85	434
11416	109	13109
6151	86	268
6665	113	737
3817	25	62
13761	48	32
7823	48	2121
3791	48	1124
12064	43	384
1344	85	434
8775	86	7023
12567	143	1234
6651	86	10402
5259	43	141
491	82	1771
219	34	90
8803	48	181
14077	154	1874
441	113	737
7030	82	7859
13110	120	791
5488	48	1124
5488	43	141
10392	48	637
11743	25	62
5090	85	434
3841	82	8332
6077	80	344
8685	43	384
4102	80	12630
10037	160	9277
10127	85	434
9333	82	6851
1900	136	8222
2806	120	791
13239	120	791
10165	24	13709
9729	110	494
1431	91	494
4147	82	6851
11681	154	1437
7523	48	32
3039	85	434
3318	172	5721
3314	11	23
1685	172	4888
3522	154	2438
2554	48	32
11329	82	1771
1036	25	62
10887	100	11058
4972	25	62
1652	25	62
7450	43	141
6609	224	3885
925	80	344
4836	199	13460
2696	82	7142
8153	113	5770
11052	43	141
3786	24	2768
11336	115	6114
12681	74	7395
961	219	90
6869	116	8889
3350	48	32
8157	116	3645
3588	48	32
6842	80	344
8399	85	434
10782	203	13061
13368	185	32
15	84	9032
902	85	434
5286	48	32
101	155	3423
66	43	141
9709	43	141
4886	124	2846
13158	82	8686
630	185	32
5031	34	90
5028	60	90
3418	11	23
10290	85	434
9231	43	141
1294	160	8321
5651	34	90
9504	186	11031
7194	60	90
126	85	1665
9431	25	62
12246	43	141
1577	154	1437
11911	187	2349
5901	25	62
3981	48	32
7501	160	2780
11171	91	494
5895	43	384
2688	136	4587
4204	48	1124
624	34	90
3669	200	10858
940	48	32
10067	154	1437
9172	120	791
6835	60	90
2876	48	32
1599	34	90
6250	84	7568
7299	11	23
1644	39	12924
12911	43	141
7749	11	23
11260	24	352
1409	43	384
6537	85	434
8384	85	1665
7527	62	420
11114	25	62
9483	236	32
6652	183	4725
12319	39	592
5646	85	434
8932	155	3880
2067	86	7023
4868	85	434
4968	82	44
4163	203	592
30	100	160
9690	48	32
9562	124	2846
6949	43	384
7031	84	85
2616	118	774
488	85	434
4042	85	434
5959	43	384
12064	100	5334
5104	85	434
12814	82	1771
4763	172	1978
6058	202	3428
12165	43	141
12229	24	12408
9798	11	23
10114	86	928
7788	25	62
3293	48	274
815	172	2759
11251	84	1337
1935	34	90
7412	25	62
8476	154	2438
6305	217	3433
2552	43	141
9918	43	141
3351	34	90
908	182	3202
4493	48	32
10341	24	249
5169	60	90
609	51	160
7208	51	160
8926	100	160
3065	39	2055
4041	159	12001
7146	48	32
11224	80	344
7168	25	62
8885	217	4081
6	100	160
10559	136	13543
2637	84	1357
11242	120	791
3070	48	1124
14524	25	62
5173	43	384
2427	85	434
4909	85	434
3627	154	2438
5374	11	23
8499	24	3522
8847	85	434
7899	24	3711
9597	124	2956
2621	48	1124
10163	84	334
5474	85	434
415	217	3433
4071	25	62
6451	136	7044
4474	195	2550
6566	167	1768
7941	48	181
2917	43	141
5407	43	141
7338	124	873
7110	143	3373
9776	48	32
9699	86	7023
1048	209	3173
3907	43	141
6775	48	32
1294	48	274
3630	85	434
7681	48	32
14248	43	141
1778	85	434
14395	25	62
8427	39	14159
917	25	62
11402	155	9700
2774	60	90
4006	34	90
11947	82	13692
9844	85	434
7191	143	6615
7191	199	226
3688	86	6282
2710	203	4994
5012	60	90
1764	25	62
9280	185	32
6439	86	1283
10957	154	2438
301	195	2550
2684	11	23
13715	120	791
10307	34	90
10030	24	2900
6466	109	11489
2602	85	1665
13835	199	6679
12856	33	90
12201	48	158
4197	48	32
1435	217	3433
10121	34	90
11375	33	90
7332	160	12629
6992	25	62
13037	25	62
5938	203	249
13914	185	274
3240	86	4316
11638	212	3299
1782	85	434
4607	25	62
14055	154	1437
8418	82	1771
9475	160	592
11028	43	384
4597	43	384
679	11	23
3429	48	32
7753	48	32
932	116	4161
12639	85	1665
7658	25	62
6736	172	2759
10145	33	90
10077	110	494
12250	51	160
9140	84	1225
1158	80	4564
8398	193	119
6380	48	32
13601	34	90
2183	154	2438
8299	34	90
7465	60	90
6699	60	90
4928	100	160
6299	86	410
2809	25	62
5766	85	434
4544	24	9694
10392	43	384
2892	48	1124
2892	85	434
3664	48	382
5078	48	181
5200	115	6114
12482	85	434
2611	25	62
4335	11	23
9285	43	141
1912	85	1665
5446	48	32
12129	39	1327
507	160	1327
1483	160	1124
4282	25	62
12803	39	352
875	11	23
2419	48	382
10156	159	6692
13309	82	9081
4259	43	141
18	235	6976
11329	85	434
8155	183	100
7988	212	4563
3611	85	434
2702	224	790
11907	25	62
6695	24	6079
5120	24	2607
7280	25	62
4991	43	384
4926	116	3547
10988	48	1124
890	62	420
12299	39	105
154	43	141
6996	48	32
11814	25	62
6121	43	141
2878	74	5390
11506	80	12630
8734	43	141
1666	43	141
6869	34	90
1523	43	141
14176	85	434
8188	85	434
7777	25	62
3595	60	90
7758	11	23
5114	110	494
3644	86	636
6073	138	6197
7953	11	23
5047	86	5632
12226	85	434
12120	84	9099
4793	85	434
156	60	90
1267	212	4563
4708	83	13020
12458	43	141
9428	39	7605
8831	25	62
9945	43	141
1309	25	62
7025	155	13361
182	11	1794
4878	48	32
3204	85	434
10484	33	90
4412	200	10858
1459	48	32
8062	25	62
1959	74	5390
2555	115	6114
4768	82	4372
2327	187	12761
3066	155	8914
14525	181	1331
5919	154	2438
12217	110	494
7622	43	141
10172	34	90
1471	48	32
4833	25	62
8710	48	32
6074	116	4161
5348	124	2846
3599	85	434
419	195	2550
4376	100	1672
4069	203	592
1448	25	62
5420	136	3309
9739	25	62
940	100	2272
2672	82	1771
977	118	774
444	120	791
5497	85	434
3312	24	3987
12333	100	10040
2472	124	1311
4111	11	23
3568	25	62
12301	82	2357
11334	82	13687
1188	48	32
10954	154	10452
11607	25	62
6168	136	4587
8575	43	141
11423	83	105
9210	135	382
6042	85	434
10621	25	62
1238	109	7307
4035	195	2550
3190	85	434
186	60	90
8618	80	344
1697	83	592
6710	25	62
2522	85	1665
1893	85	434
4743	120	791
11925	25	62
7251	43	141
1867	86	2316
8873	86	1485
7636	116	1995
14478	182	14478
9652	48	32
9937	43	141
7674	85	434
5037	25	62
7265	113	737
5561	133	32
4719	11	23
230	116	5283
14526	181	1331
5975	154	2438
6348	115	747
11838	25	62
8340	48	32
14219	25	62
10221	25	62
12023	154	2438
696	120	791
5811	48	32
7275	60	90
11673	43	141
8948	154	1874
1157	24	592
2538	172	2759
11860	154	2706
6350	43	141
253	39	592
7960	154	2438
7213	155	13056
8015	48	1928
13056	202	7763
10863	43	141
1315	116	6627
1210	155	2027
1750	120	791
3044	11	23
6472	34	90
13498	166	924
1396	85	434
7878	43	141
8666	43	384
5073	24	2635
1564	105	1556
7651	110	494
3379	34	90
11199	185	382
13365	48	32
4415	147	382
4400	84	2197
3775	25	62
12817	172	8634
5686	111	9607
3122	48	32
9527	48	2121
9527	212	3299
1890	109	7344
7278	118	774
4116	110	494
1934	62	420
7929	24	1652
9975	25	62
10148	25	62
4554	25	62
5240	147	382
4065	60	90
8689	24	7132
9589	24	32
6903	39	7489
2690	25	62
7771	83	249
1129	86	2839
9345	120	791
7002	154	1437
4210	100	160
9185	62	11518
3478	186	14123
1753	181	8029
2653	160	249
13087	120	791
9535	43	384
5872	34	90
5872	25	62
523	100	160
8933	24	4464
3515	124	873
2977	11	23
5547	24	14130
2724	116	3541
1887	25	62
11073	109	4874
370	191	3567
6495	33	90
9470	147	382
10122	84	7568
4012	202	2904
13772	48	1928
9326	43	384
5867	33	90
2606	85	434
13703	25	62
5939	86	10402
2788	48	32
10634	43	141
12563	120	791
8755	85	1665
3100	118	774
1522	82	7859
10147	43	141
11194	91	494
9374	60	90
9297	48	1124
114	48	32
8353	202	2904
2529	86	1005
2571	100	160
665	48	32
13095	154	6303
8127	25	62
2051	85	434
12347	48	32
13138	154	1437
341	115	6114
3692	39	8729
6558	43	141
8018	48	8725
611	118	774
1492	43	141
181	118	774
9955	85	434
4464	120	791
8822	43	141
1998	85	434
10642	24	592
7498	24	7132
1589	187	9506
5662	51	160
4328	48	32
1238	11	23
4035	118	774
13761	100	8250
6054	155	13361
3209	48	32
2919	160	10604
2228	82	1771
2103	162	6604
5252	120	791
3326	48	816
7291	24	6686
10744	116	355
12177	25	62
794	219	90
13632	25	62
775	24	1652
12283	24	11647
5190	33	90
4837	203	6322
8468	43	141
8824	159	3680
4508	60	90
3767	11	23
1668	86	6282
10050	217	4081
11314	116	5446
518	154	1874
3080	113	5770
1335	11	23
2470	86	5694
111	115	6114
6837	85	1665
9619	11	23
11554	39	4843
12808	43	384
11550	33	90
7583	116	11905
35	86	591
4092	136	85
38	48	32
7651	39	6707
11089	155	3771
12728	43	141
8912	11	23
12924	120	791
13636	83	8745
7154	11	23
3626	85	1665
798	48	32
7513	143	1044
13456	154	1874
7121	85	434
6849	11	23
1027	82	7859
1068	43	141
9527	100	10013
8002	25	62
6182	25	62
1670	48	75
101	11	23
7333	24	6680
8278	143	226
11371	167	1768
9776	85	434
7970	154	5054
14237	80	12399
11479	25	62
11805	120	791
6522	210	10580
11347	224	5011
8077	116	1106
5761	48	382
6486	85	434
2041	116	5446
4421	116	12884
4816	120	791
8715	48	32
3421	84	6300
9844	43	141
4529	85	434
6462	39	1235
3116	172	2759
3227	124	1749
5377	124	873
5377	83	2879
11326	25	62
9368	43	141
8433	25	62
2606	100	160
2801	24	976
11670	25	62
9927	48	32
10597	48	32
8578	84	5506
12271	120	791
8073	217	4081
5697	85	434
5669	86	1283
6795	83	592
4187	136	4283
7157	138	5964
13736	25	62
1350	11	1794
7933	136	8222
8854	185	32
7991	160	1327
5625	43	141
13246	127	1044
13873	24	11631
1755	116	6503
8607	100	5334
9475	25	62
3481	136	7044
5222	85	1665
1699	115	747
4111	136	9073
448	84	6410
217	154	2438
8425	124	4722
9403	48	382
2348	82	1771
11843	143	2589
8591	43	141
7342	24	8761
4595	172	2759
3411	82	2456
13117	25	62
1420	224	12777
10405	82	363
607	62	420
9514	85	434
13962	85	434
2694	43	141
14527	118	774
9542	25	62
11272	25	62
7034	115	6114
2454	25	62
14460	83	249
14262	143	3373
1775	48	32
12125	154	2706
9485	154	1437
1704	11	23
11368	100	160
469	74	1387
8326	24	7490
808	25	62
8977	193	181
6418	48	32
13239	33	90
6162	24	4896
2162	167	1768
10080	224	5949
2869	154	2438
6552	84	2413
9082	39	105
5116	48	32
3732	43	384
9003	48	32
63	86	9715
4409	183	9796
2071	51	160
2554	82	7142
8966	80	344
1490	84	251
2871	162	10312
8499	25	62
4140	100	2272
7715	120	791
3802	116	4668
7371	136	7044
148	183	10367
2621	138	7797
7562	43	141
14255	83	2879
11720	43	384
9797	48	32
12605	85	434
3775	34	90
12243	80	344
6475	48	32
260	48	1124
13315	154	1874
9301	48	32
1221	25	62
3532	100	160
9828	48	1080
8020	85	434
9389	143	1044
6471	116	7754
922	133	32
5806	143	226
4455	48	32
1406	143	3373
9605	33	90
4730	184	8781
1459	43	141
33	154	2438
1892	11	23
12927	24	4843
59	24	10081
5743	124	873
8518	85	434
6865	11	23
12634	25	62
6834	11	23
2688	86	1283
3747	182	2192
1474	167	1768
4829	48	32
3861	34	90
10762	25	62
5060	82	6851
8415	48	3794
6293	195	2550
5703	85	434
144	100	160
4524	113	737
7157	48	32
10276	48	32
6601	115	10107
6953	48	32
1477	85	434
381	116	5974
9098	11	23
14166	154	2438
3779	43	141
5868	48	32
12076	100	160
5631	124	873
2051	43	141
1517	25	62
5808	25	62
5909	25	62
11844	167	1768
10149	25	62
3888	43	384
2604	34	90
1429	120	791
6379	48	1934
2220	24	6079
9864	43	141
32	154	2706
6126	113	737
2698	25	62
1003	11	23
6298	25	62
1689	85	434
7720	34	90
660	116	12485
8145	24	1652
3237	159	13271
10786	48	181
1420	82	44
5045	136	9961
6038	120	791
10635	136	6866
10809	48	32
3410	155	11645
12229	39	2265
10680	48	32
8790	25	62
1325	82	4372
5463	25	62
11696	25	62
6766	60	90
10113	138	2335
6633	60	90
3790	43	141
262	43	384
418	34	90
5299	85	434
732	43	141
3841	48	32
9718	82	7859
13617	113	737
4419	86	3072
1439	136	34
9198	167	1768
1884	34	90
11926	43	141
6162	43	384
7475	136	4674
6697	48	32
11401	43	141
2330	82	7020
9132	235	2385
13452	43	141
6852	48	32
10798	24	14280
13597	48	32
5881	48	32
3436	11	23
1700	25	62
7686	84	6810
7402	160	9596
2492	48	32
2229	34	90
7207	85	434
10287	100	1672
1258	34	90
1104	48	32
3325	85	434
1949	82	1771
8442	136	6664
6778	154	2438
12608	43	141
2022	25	62
7093	34	90
7305	85	434
6972	85	434
1392	43	141
961	25	62
4326	43	141
3277	172	2759
8786	43	141
7144	155	5162
11039	43	141
5407	48	32
5236	115	6114
9042	43	384
8318	160	11278
12598	25	62
11001	39	1327
13189	25	62
10154	48	382
11397	124	873
12153	24	4994
13994	133	32
646	80	4564
872	143	1806
11191	25	62
5127	34	90
1129	34	90
3446	85	1665
4550	60	90
2175	48	32
414	25	62
14034	100	12734
8872	48	32
5585	25	62
5791	43	141
13068	25	62
6462	25	62
13666	120	791
413	43	141
8549	82	6851
3484	84	6814
12088	83	592
12090	113	5770
6190	111	9772
12765	39	540
1147	60	90
12544	199	592
1911	116	3755
7103	154	2620
11318	187	2349
8667	118	774
8725	221	5538
3492	25	62
11357	124	2846
9365	60	90
3265	183	5786
8551	43	141
10016	60	90
11721	25	62
6719	84	9904
7225	48	274
6918	80	344
12556	80	344
6290	43	141
9631	120	791
5809	48	32
2615	24	592
10736	60	90
6615	25	62
2324	85	434
57	113	737
7220	33	90
11367	133	119
13505	25	62
2378	116	6627
10266	11	23
3427	25	62
12809	25	62
5573	136	4659
10238	85	434
3975	191	13686
4659	43	141
11843	124	2846
7658	124	1311
304	187	7623
6682	48	32
3591	232	160
6175	120	791
9612	43	141
9515	48	308
9148	11	23
1384	43	141
4683	16	32
1947	109	10306
5668	43	141
3169	124	4722
10310	48	32
3340	25	62
4133	43	141
1943	43	141
7474	85	434
1770	85	434
11689	43	141
4018	100	5397
11591	85	434
5020	25	62
7003	34	90
7234	84	4674
1769	48	32
6119	24	12205
3525	85	1665
14154	83	6423
7034	34	90
5090	48	1124
5865	83	4690
10519	160	9596
2349	25	62
10341	25	62
12070	24	4871
8326	82	1771
11878	85	434
4771	85	1665
10989	25	62
7854	43	141
893	116	10417
10615	24	3825
190	154	2620
8576	221	5334
4029	217	3433
4156	43	141
5630	85	434
4367	24	4994
253	43	141
13336	154	2438
5674	155	8700
7213	25	62
12417	85	434
6690	162	6895
1862	43	141
4340	25	62
2088	25	62
4268	48	32
10772	82	1771
8096	11	23
5007	124	2846
2004	86	10402
7266	172	1978
1737	43	384
7232	85	434
9343	135	9343
5150	48	1124
3526	86	4295
8437	48	181
4929	11	23
4353	118	774
9519	34	90
8194	154	2620
7799	85	434
14092	25	62
11442	100	10040
12692	43	141
4835	25	62
8801	185	181
4105	203	6322
3266	74	767
634	39	540
3224	203	13061
6829	224	14095
99	62	420
1243	43	384
8377	86	7059
5927	85	434
8972	25	62
4854	160	2388
4068	25	62
10296	43	384
1406	172	7192
4480	116	5446
1540	74	1387
218	43	141
3366	82	4372
917	85	434
1895	85	434
10440	24	12275
3773	84	4674
5617	154	2706
5406	221	160
664	48	32
3214	74	8870
10162	85	1665
10071	85	434
1319	100	29
7912	183	7047
678	184	5259
6408	85	434
10394	85	434
10172	74	5890
9681	48	32
5578	25	62
1609	48	32
6080	85	434
10237	85	434
9978	86	7654
13370	120	791
5675	48	382
5732	162	6604
7229	48	4225
4284	43	141
7721	48	32
8988	48	32
9321	24	43
9371	48	32
4828	43	141
4135	62	420
1488	232	160
13618	43	141
9721	221	585
53	25	62
2529	136	8222
7178	202	7763
10142	11	23
7039	116	6960
9197	34	90
9992	86	928
12921	33	90
11028	48	32
3098	154	2438
14208	25	62
203	100	160
10735	159	5015
8175	109	11489
2338	11	23
10937	43	141
6422	25	62
3597	159	3169
6930	48	274
6738	85	434
12363	25	62
11043	48	32
9026	124	1749
2015	195	2550
9715	199	8696
1998	100	160
5091	48	32
2576	85	434
4257	105	3422
5653	84	11971
10581	85	1665
5455	85	434
984	138	8632
2802	34	90
4432	138	959
6704	11	23
3883	43	141
1835	154	1874
2772	85	434
2111	34	90
7689	172	8634
2208	85	434
2855	24	540
7597	34	90
12410	84	3270
12873	48	158
763	48	6159
9523	116	3625
12522	25	62
4056	39	150
2668	43	141
9581	154	2438
4532	25	62
11970	120	791
8432	48	32
11401	25	62
12152	48	1124
3971	25	62
1127	182	3202
4062	11	23
4701	80	4564
7089	33	90
11996	43	141
2061	48	32
10204	43	141
11209	48	1124
7538	124	2846
3748	48	32
2134	48	32
4945	43	141
11242	154	2706
3297	24	1652
3358	116	9115
8552	25	62
2062	43	384
251	100	160
7614	91	494
653	48	32
8456	184	2276
10715	85	434
7938	154	2438
8404	43	141
14017	154	1874
2546	51	160
7548	48	32
5833	80	344
11483	25	62
3251	167	1768
11434	143	1478
10505	80	344
12942	25	62
5283	48	32
11022	43	141
7380	124	2846
3093	186	218
8768	80	4564
12120	86	11274
6656	83	2879
1395	212	4563
10603	48	6123
11730	172	7192
9555	39	1327
6792	86	7654
1498	48	32
661	60	90
9305	43	141
9188	199	6403
9449	85	434
13667	25	62
1957	217	3433
12606	39	1633
8352	11	23
2474	118	774
6050	24	9113
5184	62	420
7668	33	90
942	85	434
3828	11	23
2927	85	1665
4925	48	32
1391	33	90
6001	43	384
3577	48	32
11157	43	141
5430	84	4391
5898	11	23
11288	48	1124
5636	48	1124
8710	82	13734
7848	48	10286
8309	24	592
8344	116	6925
5732	24	9581
8725	221	10146
11632	48	382
993	195	2550
8121	39	1327
6982	48	32
7534	25	62
3269	24	1652
6601	11	23
6290	24	1457
2537	48	32
3992	85	434
3574	203	12523
1752	147	382
1444	85	434
7976	224	8909
6843	82	8686
9992	116	3118
8418	48	637
12921	25	62
14386	143	6778
1063	86	7410
527	25	62
10133	43	141
6147	34	90
6678	82	44
12232	154	2438
6569	48	32
5864	155	8419
8310	24	6650
5344	24	1327
12505	48	32
7155	25	62
60	181	12435
2015	118	774
8665	43	384
11405	167	1768
10891	105	12238
7466	100	160
11713	155	2118
2802	11	23
13669	25	62
13223	212	4563
1677	85	434
11905	39	8167
1893	85	1665
8289	11	23
4124	85	434
2342	160	6018
9898	43	141
11738	154	2438
9906	60	90
8149	48	637
5640	25	62
6343	43	384
7034	86	10601
7841	43	384
8533	43	141
7526	34	90
13119	120	791
6232	34	90
4009	34	7607
2222	48	32
1883	84	2197
11578	48	32
3024	85	434
8275	138	3995
8285	85	434
1030	39	5304
898	34	90
9055	120	791
8180	109	13015
8014	43	141
691	43	141
72	100	2272
9007	25	62
3311	48	32
1961	24	4764
13790	80	344
4394	136	3795
3504	159	5007
3274	136	6091
1560	43	141
8586	34	90
2914	120	791
10437	43	141
10637	43	141
12681	74	9487
6952	43	141
5496	154	1437
2746	24	1652
12637	43	141
6791	25	62
7727	124	1311
14176	224	4152
8120	43	141
11389	116	3118
2459	82	7142
10842	186	8188
8359	60	90
7062	48	32
3196	11	23
2951	100	160
7380	124	1311
8383	25	62
1656	82	7142
3224	11	23
2592	48	32
5192	136	7760
5192	11	23
5891	11	23
3281	24	592
13648	60	90
6860	25	62
514	24	8337
3997	43	384
891	83	10698
11159	43	141
1693	34	90
11428	25	62
922	120	791
3553	100	160
8663	25	62
8871	43	141
5174	24	592
12309	43	141
6583	118	774
3295	212	4563
41	172	4888
1225	48	32
5726	210	10580
2825	34	90
5515	159	3683
498	24	2607
2148	24	6489
1925	85	1665
8513	34	90
6963	183	7047
3403	124	873
2449	48	32
4012	24	1652
2366	25	62
6639	25	62
2950	25	62
8619	85	1665
4530	34	90
7325	85	1665
669	86	1485
5302	154	1874
2016	48	32
267	48	1124
9344	25	62
4547	85	434
8353	224	8373
12076	43	141
5819	84	1225
6780	80	4791
10085	143	1044
2094	82	6851
2754	124	4722
5960	25	62
25	25	62
606	116	5235
8199	39	10327
5607	160	249
13953	172	7192
11114	217	4081
4165	48	32
10759	185	32
1003	136	3795
12683	33	90
6665	113	5770
3938	43	141
2114	116	4161
2601	85	434
11902	48	1124
6180	25	62
6058	85	434
8548	43	141
127	25	62
11689	48	32
6413	43	141
8089	11	23
7030	60	90
2279	118	774
2882	43	384
3188	236	181
5792	48	32
2824	82	1771
7376	34	90
10620	133	1928
2728	83	592
2689	11	23
4369	24	1652
9999	43	141
12040	85	434
6785	108	90
10456	25	62
11270	221	160
1743	116	6385
1597	85	434
7762	43	141
7593	48	32
11406	48	1124
2930	43	384
1659	43	141
486	11	23
3639	34	90
10571	110	494
10541	124	4722
1920	39	105
9416	116	9757
5982	100	160
2302	60	90
9235	172	8634
7910	143	6562
6268	48	32
11702	43	141
11758	43	384
9867	33	90
9033	48	32
10164	185	32
4929	86	7410
8937	48	32
7305	24	3522
11052	100	5334
4100	85	434
2678	200	2883
11121	82	12778
9117	33	90
11350	48	1124
8157	34	90
2017	182	2192
11193	43	141
9143	34	90
2421	116	10351
6857	82	6851
7110	172	7192
5339	39	4358
1738	48	308
4663	43	141
13411	33	90
813	48	8603
5563	34	90
14183	25	62
10288	85	434
5818	34	90
68	118	774
6602	116	3155
3794	62	420
7600	136	10239
3859	48	181
7390	43	141
3553	187	2349
10530	160	6707
643	34	90
9154	100	160
249	154	5054
3366	48	1124
12787	51	160
3940	43	141
2555	11	23
8706	86	1630
3421	136	6300
3116	34	90
3171	25	62
11697	84	6810
7691	48	1124
7366	85	434
10207	120	791
1621	48	382
11144	83	4764
4583	11	23
8893	84	1225
7739	48	32
9978	34	90
6604	91	494
2945	82	12778
10558	24	9688
6724	48	2121
6328	109	11489
10902	124	2956
639	116	3755
10276	24	2033
1970	195	2550
6680	127	1044
13493	120	791
8752	100	29
9827	82	7020
10085	25	62
8617	60	90
527	43	141
10168	221	5334
1282	74	9110
3665	48	32
3507	39	1327
8525	43	141
1082	43	141
12139	48	1124
1589	43	384
1272	160	3627
12972	154	2706
7632	85	434
607	118	774
4689	43	141
322	48	32
10791	11	1794
5839	43	141
1215	138	7373
3410	34	90
5945	109	2723
2140	25	62
7268	120	791
4653	43	141
12507	43	141
3517	116	9161
7904	48	32
12769	124	4722
4369	82	1771
7365	86	6276
8736	155	1482
11021	83	9029
9511	48	3955
10659	116	6611
3199	43	141
1251	84	16
915	25	62
8094	82	6851
731	24	4939
11406	160	249
9122	48	1682
9199	43	141
9711	34	90
9222	48	32
12580	25	62
11066	25	62
1971	136	7044
6531	83	6180
8473	43	141
4540	48	274
2838	116	10417
9162	124	2846
9242	11	23
3774	48	32
9115	43	141
11801	48	32
1593	43	141
5303	11	23
2899	25	62
3526	116	3754
3288	48	119
2570	11	23
9862	25	62
10186	48	32
621	85	434
5043	82	44
3739	24	4089
5837	85	434
4757	11	23
7703	24	8663
2818	25	62
7019	11	23
1131	118	774
3367	43	384
2748	48	32
11737	43	141
8491	85	434
5065	48	32
7578	25	62
9952	185	382
10894	85	434
438	116	2796
11344	160	9564
1048	85	434
514	85	434
9545	83	2761
2369	182	2517
12610	39	1327
5028	82	1771
4656	43	141
9318	24	7195
4505	43	141
11113	85	434
9670	159	2322
11221	172	8634
9966	80	344
6818	154	2438
5184	118	774
1810	74	766
3002	34	90
9319	82	2456
1371	100	160
11697	34	90
3374	195	2550
9002	139	90
6482	136	3480
2480	74	7368
6497	43	141
48	43	141
1831	43	141
4827	24	1327
1064	43	141
11144	83	9277
10139	116	4161
12437	136	388
7313	133	2015
14530	210	14519
7314	182	2192
9046	185	32
6965	48	1405
4376	82	8686
5628	25	62
13855	181	8217
8950	82	363
5853	60	90
4187	11	23
4681	34	90
10533	25	62
9373	85	434
4048	203	12523
754	39	954
4828	48	32
3104	195	2550
263	34	90
9110	43	141
1123	43	141
1123	85	434
6558	25	62
5222	85	434
11065	11	23
10133	48	32
2676	11	23
10937	85	434
8049	116	2887
1029	183	5586
12301	224	2780
9022	136	2974
4399	109	1336
2733	25	62
10354	199	2879
2735	167	1768
13462	33	90
3491	84	4561
9858	51	160
9476	120	791
13565	185	32
8880	82	1771
3590	118	774
3479	136	7044
1813	43	141
2627	85	434
346	43	141
2208	43	141
13534	120	791
2952	86	3229
10069	25	62
12484	62	13605
13725	24	1527
13869	25	62
5249	25	62
11469	154	2438
8735	11	23
7575	43	141
6722	43	141
2431	48	75
10935	86	928
3809	33	90
2407	11	23
4711	24	11312
11227	48	1124
8923	48	32
12836	120	791
5688	84	85
4147	85	1665
3857	82	1771
2061	39	1327
717	136	8222
5654	34	90
11386	25	62
6397	82	8686
5241	43	141
1104	85	1665
9142	39	150
1335	34	90
5135	48	32
10413	24	12205
8746	48	1928
10887	82	363
6198	181	243
6472	74	5390
6170	34	90
10459	136	1337
150	154	2706
7093	11	23
298	185	32
5461	11	23
5049	85	434
3843	185	32
5699	159	1630
11086	135	382
3040	43	141
7784	60	90
2046	195	2550
2779	82	1771
6255	34	90
2578	80	4564
7843	160	8952
11015	43	141
1388	86	7654
11154	48	32
9000	48	274
13141	124	4722
5543	11	23
2558	48	1164
4198	110	494
3357	210	3202
10775	154	2438
2383	48	1928
7724	111	10974
5209	195	2550
3630	162	6604
11537	181	8217
10003	25	62
13680	124	873
12268	85	434
4670	25	62
207	25	62
10917	82	6851
11633	48	32
3142	60	90
8869	143	2138
10878	138	4514
7837	209	3173
10619	34	90
2825	105	619
6760	110	494
6773	48	1124
2969	116	6747
6619	186	2339
12835	48	32
4998	84	3480
3923	25	62
3918	24	6489
6427	232	160
8238	48	32
9019	25	62
10558	224	2033
10594	154	1437
9896	167	1768
6237	85	434
4585	43	384
3118	43	141
3844	48	32
7345	187	2349
3046	235	9603
193	82	1771
5321	51	160
9316	154	2438
11260	43	141
6537	43	141
4521	25	62
6800	86	7654
6422	48	32
10238	43	384
6652	34	90
14374	25	62
3665	25	62
5720	85	434
4434	82	2357
7058	25	62
304	85	434
3591	48	1124
7148	115	747
1096	48	32
10216	39	7457
4486	124	2956
659	147	382
5311	136	9461
1420	236	4489
10091	43	141
11072	11	23
11864	82	2456
1028	136	3309
6180	154	2620
9386	185	32
8089	172	2759
6443	43	141
3023	48	32
997	11	23
6979	160	2607
5723	43	141
13433	85	434
7646	116	5446
2353	25	62
10972	120	791
4369	48	32
1236	25	62
9137	100	2272
12903	120	791
13387	154	2438
562	24	4309
5742	84	1337
1900	11	23
11727	43	141
2542	11	23
772	136	34
1483	25	62
4924	85	434
2407	86	6668
2407	116	2887
4625	24	3408
13563	85	434
8224	182	2192
7044	110	494
3924	85	434
717	34	90
851	48	32
3503	25	62
10287	82	8686
3587	82	2357
5531	124	2846
10838	154	6220
11187	232	160
3070	138	959
7386	11	23
4684	43	384
2533	48	32
8522	43	141
6989	43	141
3275	85	434
6016	34	90
5153	167	1768
11906	24	12838
6128	85	434
7729	43	141
2638	34	90
8409	34	90
9932	100	160
11320	85	434
8801	185	32
4953	160	249
13230	133	637
7929	25	62
10217	85	434
12284	154	1437
3146	48	32
11468	43	141
11526	116	8195
2131	82	9081
2187	43	141
5260	25	62
12458	85	434
630	91	494
1349	191	9176
3406	24	10303
11662	86	7410
6242	11	23
8352	184	4182
414	43	384
3007	25	62
2501	25	62
2730	199	2607
1260	62	420
3510	100	585
566	48	119
5515	82	7859
5126	116	4978
12015	43	141
7599	136	3480
5444	48	32
6482	34	90
3155	24	1327
2359	124	8959
8605	84	2974
3084	48	8406
11165	48	1080
13057	83	12302
10172	86	2316
3756	86	1283
1837	154	5054
10281	154	2438
1099	43	141
6013	48	32
8309	48	32
10594	33	90
7261	84	10432
4585	48	181
7330	85	434
1113	48	32
3866	186	562
1605	84	6810
6675	167	1768
10614	48	32
4736	11	23
10121	74	9664
6759	43	141
4385	181	8072
8752	82	2456
4819	85	434
11656	83	9277
201	84	817
9495	43	384
2446	48	32
3895	124	1749
2760	25	62
3551	85	434
9691	154	2706
12363	154	2438
4148	43	141
12078	85	434
7720	109	8411
2218	185	32
6372	48	32
9289	48	32
3464	118	774
1273	118	774
1943	100	2272
5887	82	1771
1903	25	62
5255	48	382
4716	138	12176
8297	116	9127
10414	193	68
7818	43	384
2352	86	2025
5682	85	434
6962	85	434
10411	43	141
10403	124	2956
9104	159	447
10029	25	62
12917	48	6123
8590	224	10254
300	51	1946
7808	136	2235
392	85	1665
3767	155	2175
4137	116	2253
3039	43	384
7728	25	62
1735	34	90
8393	24	8542
9637	236	6093
221	86	410
13551	48	32
5115	86	2316
1000	160	4801
4658	85	434
6900	162	12847
3016	199	43
930	25	62
2389	25	62
9774	48	32
7460	43	141
7037	51	160
1593	48	4474
4384	11	23
14027	143	1044
2805	48	32
9013	183	904
1898	80	911
2411	48	382
6219	33	90
5043	224	790
2878	34	90
8589	25	62
7792	48	1928
8024	212	4563
13275	48	1934
3335	186	3949
11290	43	141
7285	154	2438
5359	84	3311
12081	85	434
4726	155	10156
8421	85	1665
3795	82	6851
4520	154	2438
2583	212	4563
6692	113	737
3907	48	32
11505	48	32
274	139	7607
573	82	2456
3321	100	160
4878	39	592
11127	43	141
3437	85	434
11338	24	352
11032	25	62
409	100	160
4848	100	1672
5991	43	141
3116	11	23
3932	25	62
8386	85	434
693	191	9650
5620	25	62
6619	34	90
6532	43	141
7339	48	1080
8892	200	2883
9338	124	2956
12588	16	32
4913	11	23
9714	115	747
14098	25	62
8680	43	141
7443	115	6114
5536	116	3645
8431	85	434
639	74	3614
11247	80	344
1996	86	6282
4060	48	75
940	224	2780
12547	185	32
7455	25	62
8860	133	32
11198	48	1124
11367	25	62
698	110	494
367	60	90
4920	24	12601
8292	39	6679
7400	34	5422
3675	48	32
4388	43	141
14532	25	62
12993	25	62
2711	84	8309
6671	48	32
8653	172	5721
3213	48	1260
5780	124	873
8251	24	592
9572	212	4563
2171	39	3050
10405	118	774
4958	11	23
10310	110	494
1367	43	384
3968	85	434
3479	84	5435
8086	11	23
10791	155	10433
295	85	1665
11744	120	791
1220	160	7726
6924	25	62
7053	48	32
13725	39	12972
1361	154	2620
5580	223	4624
4544	82	1771
5478	34	90
4471	100	160
404	25	62
2699	34	90
12870	48	1928
1612	48	32
1343	83	1652
6278	136	11091
10993	34	90
12420	25	62
7611	80	911
12021	25	62
2872	43	384
562	43	141
4847	85	434
2948	181	789
1883	34	90
5880	199	592
1841	25	62
10118	24	9029
4436	43	141
2330	85	434
6442	34	90
318	25	62
5394	48	32
12379	120	791
10713	25	62
12237	85	434
3767	116	4978
6056	11	23
8068	11	23
7315	85	434
13615	48	1928
3852	74	9487
12417	43	141
7381	124	2846
12514	120	791
8402	85	434
13491	118	774
7469	159	6398
4654	48	32
14533	25	62
8534	154	2438
4246	116	10012
12872	120	791
3288	160	3120
3842	48	32
537	43	141
298	91	494
12644	100	1672
14017	120	791
14401	51	160
386	43	384
8797	25	62
11658	48	32
2686	24	6712
427	25	62
2985	48	32
4841	136	10147
3894	11	23
1027	48	32
11645	39	1327
4310	184	12161
12598	120	791
5540	39	13164
4026	124	11653
14191	120	791
4202	43	141
2213	48	32
12838	133	1928
3532	48	382
6755	62	420
2925	11	1794
10665	11	23
335	60	90
1294	24	8321
5520	34	90
5520	136	4283
10226	11	23
12324	85	434
3142	43	384
5075	224	9164
4224	221	5397
9076	39	1327
3940	48	32
12927	48	181
11691	120	791
13666	25	62
4467	48	1164
12765	24	11558
7695	48	32
2414	193	68
3740	85	1665
2664	25	62
7183	11	23
12869	83	4358
7635	33	90
8043	48	4474
13291	48	158
289	82	1771
7443	34	90
805	136	7044
5420	86	1283
3555	25	62
7669	16	2091
2066	86	742
1658	11	23
11425	120	791
5748	182	2517
13623	221	2272
14109	25	62
11375	120	791
3936	33	90
1477	60	90
7118	82	12778
6053	48	32
13914	25	62
4496	120	791
9463	124	2846
11964	25	62
8616	85	434
8741	143	2388
3264	85	434
2798	167	1768
4194	43	141
10719	85	434
155	11	23
6379	224	4429
10856	80	344
3665	224	3885
13978	181	1331
7658	124	2956
2350	24	13091
5780	83	10705
7301	85	434
4595	115	14298
14296	154	6303
488	48	32
10891	74	1442
4617	25	62
1964	85	434
801	48	32
4432	85	434
6938	143	1044
12508	85	1665
6499	48	382
4273	16	32
4443	43	141
92	154	2620
11524	167	1768
7268	111	7268
383	48	32
13108	25	62
9161	85	1665
1822	11	23
7834	120	791
3845	11	23
4724	43	384
446	80	4791
9270	48	32
4463	43	141
1242	185	382
13697	80	344
3301	212	4563
3178	43	384
11314	223	4624
253	48	32
12206	143	9443
5796	85	434
10066	11	23
1961	43	141
8052	82	1771
8123	159	5015
9829	159	2402
2890	11	23
3032	43	384
4140	100	5334
132	43	141
8545	80	344
1136	48	32
6344	182	2192
3423	43	141
4782	155	3284
3	24	1327
2460	34	90
8765	118	774
11857	85	434
13456	120	791
3621	183	7460
3894	136	3795
8592	100	160
8459	48	1164
7202	11	23
1861	11	23
11847	85	434
7451	48	32
6475	85	434
4044	235	9603
13113	143	11518
1213	43	141
9040	60	924
4853	48	8307
5716	34	2023
2524	138	2958
5227	24	1327
10973	39	1327
13361	48	1124
11079	155	3423
799	82	14258
4198	85	434
1988	86	410
13520	120	791
9215	34	90
11833	48	32
9449	24	9931
2910	43	141
549	85	434
5761	48	1124
4742	48	1080
116	80	344
8848	34	90
12113	83	3050
10807	43	384
12902	83	592
9493	85	434
4848	48	1928
1225	43	141
7768	24	1327
9856	48	32
10990	143	3554
4933	48	382
738	115	6114
6489	120	791
11626	116	3155
4250	11	23
459	43	141
5435	43	141
11007	85	434
8309	43	141
2027	43	141
10131	80	344
10743	48	1934
7534	48	32
12191	82	2456
5149	43	141
5606	48	32
1435	25	62
1990	182	3202
723	182	2517
8850	25	62
12117	120	791
10931	48	382
6089	25	62
407	48	32
7591	60	90
4388	85	1665
6969	85	434
13406	111	9605
2711	86	2316
8198	83	2387
1475	48	32
2879	120	791
9533	43	141
10660	136	4283
5099	34	90
11575	48	1124
10891	184	7248
4482	191	9176
10310	85	434
3985	48	32
295	48	181
1697	172	7192
12019	167	1768
5580	172	2759
14107	118	774
11321	48	1928
3262	159	3183
8612	100	29
13063	85	434
2055	120	791
539	82	6851
1628	80	344
9349	25	62
5966	86	636
7593	24	1652
3371	48	32
12815	43	141
3369	51	160
3436	34	90
8783	43	141
7236	191	9801
3785	11	23
4319	51	160
4123	172	1978
7647	185	32
13066	199	13571
11946	83	3263
9314	82	6851
2838	84	3480
7822	224	2265
4834	25	62
12135	182	12135
9815	60	90
8951	24	2622
11957	85	434
10213	25	62
3288	60	90
1164	154	2620
11849	124	2846
14401	185	32
7994	43	141
3319	210	3202
4782	109	1336
8211	116	1512
3575	154	2706
9944	85	434
6496	33	90
4495	43	141
1107	84	5373
10945	33	90
2010	43	141
13591	85	434
4202	100	160
6847	25	62
10557	86	12193
9699	11	23
3603	159	13207
1759	182	3202
6763	43	141
5941	115	6114
11159	48	382
2603	86	1283
5862	24	9581
7072	43	141
3859	43	384
5962	82	2456
4550	24	5445
78	116	6808
2078	85	434
7927	43	141
3242	34	90
3759	11	23
5473	136	4587
284	212	4563
4795	115	6114
3602	43	141
9370	191	4631
2663	86	1630
498	48	32
10229	110	494
3236	25	62
7520	86	1485
2932	85	1665
1976	43	384
3599	82	1424
9896	124	2956
4286	124	2846
805	115	747
10583	85	1665
1999	115	747
12566	48	1124
7933	155	6491
6167	136	7044
7245	100	160
13743	33	90
9332	34	90
6678	43	384
3605	39	9760
10419	33	90
949	85	434
797	11	23
181	62	420
8357	82	1771
10696	43	141
3476	25	62
6634	82	6851
9020	85	1665
164	80	4791
3723	34	90
13213	39	7132
5769	82	2456
9480	100	585
10455	48	32
3469	43	384
9039	43	141
660	109	2181
9572	43	141
2549	85	434
7682	48	32
